4	10911331
4	14836617
4	27819327
4	28259813
4	28259830
4	29376421
4	32871622
4	39115190
4	41323930
4	44637864
4	47512230
4	48205502
4	61169726
4	64228698
4	73592527
4	76214443
4	97288802
4	104844267
4	107409454
4	107674308
4	109095434
4	112256934
4	116899281
4	117791093
4	117902600
4	118431055
4	119257457
4	119257477
4	125706518
4	125899490
4	125991353
4	126629661
4	126819228
4	126855620
4	127663343
4	127846604
4	128157200
4	128898298
4	132180148
4	133966131
4	133996200
4	134441361
4	134663231
4	135307520
4	135938354
4	136762370
4	137268855
4	142906395
4	150220228
4	150516318
4	156014694
4	157687417
4	157766834
4	157976264
4	158830129
4	160529813
4	162308328
4	164560595
4	167688974
4	168339100
4	179331762
4	179484104
4	180290526
4	180474771
4	180588578
4	180941870
4	181860223
4	182345401
4	183240526
4	185423526
4	188342986
4	191128374