1	75884343
1	110583335
1	182974758
2	39556621
2	152899032
2	182693277
3	101454745
3	118900031
4	15227519
4	104624818
5	6466106
5	52638226
5	126385924
5	145107247
6	52120843
6	145808310
6	160334960
8	21568355
8	74680107
9	38096405
9	89775629
9	123350598
10	56256293
10	56256294
10	120325447
11	40851625
11	76051551
11	85631211
11	117264626
14	56763353
14	78809184
15	50953965
15	51248561
15	58669774
15	85715561
15	87791919
15	99175976
16	29601086
16	82540504
17	53502801
17	71375843
17	80712655
18	74117587
19	6661912
20	7195809
20	55356548
21	20165354
22	24262476
