1	20447523
1	25465348
1	31454075
1	47870802
1	49122742
1	73273755
1	77108416
1	80092743
1	80586772
1	92944235
1	98468171
1	103513992
1	110099347
1	114235699
1	117747049
1	174973784
1	185784520
1	216111814
1	230431784
1	240151764
1	245452819
2	3498580
2	17280332
2	78881468
2	114843713
2	116583138
2	130720747
2	130720774
2	132761088
2	140797632
2	141275961
2	152607278
2	214668360
2	216179472
2	231527879
2	237358291
2	237645886
3	26287488
3	29634480
3	29694596
3	36082045
3	52896894
3	55613723
3	59456999
3	68521927
3	75783117
3	76158647
3	77842400
3	79190954
3	79842021
3	86007730
3	97110691
3	101781669
3	104604298
3	104604302
3	111712480
3	111846403
3	117619746
3	120382721
3	126543533
3	144598294
3	166653022
3	167832466
3	177287237
3	191735020
3	191990292
4	10911331
4	14836617
4	27819327
4	28259813
4	28259830
4	29376421
4	32871622
4	39115190
4	41323930
4	44637864
4	47512230
4	48205502
4	61169726
4	64228698
4	73592527
4	76214443
4	97288802
4	104844267
4	107409454
4	107674308
4	109095434
4	112256934
4	116899281
4	117791093
4	117902600
4	118431055
4	119257457
4	119257477
4	125706518
4	125899490
4	125991353
4	126629661
4	126819228
4	126855620
4	127663343
4	127846604
4	128157200
4	128898298
4	132180148
4	133966131
4	133996200
4	134441361
4	134663231
4	135307520
4	135938354
4	136762370
4	137268855
4	142906395
4	150220228
4	150516318
4	156014694
4	157687417
4	157766834
4	157976264
4	158830129
4	160529813
4	162308328
4	164560595
4	167688974
4	168339100
4	179331762
4	179484104
4	180290526
4	180474771
4	180588578
4	180941870
4	181860223
4	182345401
4	183240526
4	185423526
4	188342986
4	191128374
5	3567778
5	6519106
5	6519165
5	6519169
5	6519220
5	6953627
5	7761007
5	9221726
5	9527023
5	9916837
5	12234759
5	13369630
5	14251520
5	17128496
5	18108074
5	22352551
5	22540804
5	23411661
5	26099291
5	26559200
5	27324801
5	27605000
5	27879242
5	28109103
5	28318645
5	29858855
5	30243409
5	30633721
5	31883318
5	38506170
5	38508819
5	39004341
5	39004357
5	39251884
5	40388139
5	40930240
5	46084169
5	52673983
5	56629153
5	56824244
5	57488286
5	57488433
5	57675387
5	60006447
5	62048473
5	62176669
5	62443382
5	62876165
5	72667042
5	73722021
5	75955619
5	79311360
5	81262781
5	83629996
5	89669231
5	95448580
5	98056735
5	99303946
5	101235289
5	103296786
5	106391790
5	106452105
5	109621952
5	114321789
5	117781147
5	120481197
5	124083314
5	124169620
5	126413823
5	134431294
5	136359372
5	140516876
5	142225435
5	145087440
5	148274735
5	148811528
5	156065135
5	157325963
5	159118453
5	159610547
5	161752665
5	163473143
5	164616930
5	164897587
5	166272358
5	166831232
5	166922494
5	170836536
5	173495808
5	174291276
5	178218599
6	2678449
6	6252793
6	16212813
6	18660237
6	20052959
6	21981190
6	27402630
6	29506831
6	30616572
6	30616578
6	31657655
6	32620105
6	32620109
6	32620138
6	32620142
6	32620145
6	32620158
6	32620167
6	32620168
6	32620299
6	32658959
6	32658973
6	32658989
6	32659032
6	32659036
6	32659046
6	32712242
6	32712252
6	32712302
6	32712380
6	32712577
6	32712603
6	32712727
6	38988155
6	42224457
6	42224475
6	42224587
6	42224618
6	44144579
6	50002522
6	50780704
6	51649703
6	52228802
6	56088611
6	56164569
6	77083815
6	78643928
6	79345378
6	88928598
6	92184495
6	92301063
6	94152072
6	94614925
6	94615076
6	95247376
6	96607080
6	97026099
6	97458453
6	103243467
6	103244130
6	103492349
6	106677162
6	111142717
6	111142818
6	122967959
6	124129875
6	129074086
6	129256781
6	132450595
6	142542054
6	145850003
6	148130351
6	154279972
6	156506655
6	157048814
6	158252988
6	160254950
6	163139211
6	167330868
6	167330998
6	167331083
6	167331099
6	167331105
6	167331107
6	167331110
6	167331118
6	167331154
6	167331224
6	167331363
6	167331376
6	167331378
7	13841716
7	15608090
7	20918328
7	22056963
7	30285772
7	30937059
7	32256299
7	41751746
7	43964830
7	48604003
7	49567864
7	52495216
7	55504981
7	61484090
7	61621462
7	78715173
7	78828792
7	79070964
7	80236205
7	80764048
7	81668174
7	81928296
7	83012738
7	83599094
7	83599105
7	84580879
7	84580884
7	84580899
7	84580903
7	85276650
7	85277062
7	88045762
7	88766402
7	92160056
7	93152708
7	93942013
7	98122859
7	98506325
7	99997731
7	99998057
7	100406344
7	100929799
7	100929801
7	101757409
7	101878232
7	106906701
7	107861603
7	109639132
7	112980262
7	118223731
7	121662148
7	125154126
7	125698431
7	127350122
7	127436342
7	131104203
7	131539554
7	131670047
7	133292291
7	133953806
7	135145195
7	139059755
7	141668023
7	145968312
7	146717479
7	149470898
7	152920831
7	153234212
7	153518586
7	158497095
8	2249217
8	3671586
8	5115835
8	5115838
8	5115912
8	5115915
8	5115926
8	5482943
8	6027518
8	6027519
8	6027526
8	6193329
8	6331932
8	11508919
8	12982493
8	14014137
8	14181899
8	14704233
8	15211662
8	15285928
8	15488188
8	15488258
8	18951521
8	23187743
8	25720004
8	27913046
8	28054866
8	31240220
8	31758440
8	35858958
8	36681034
8	38372380
8	39120995
8	41150811
8	53588651
8	54022860
8	56045563
8	56045872
8	57504032
8	60339598
8	60361417
8	64323306
8	65237226
8	67105452
8	69279535
8	69279536
8	69279555
8	69279561
8	72399533
8	73508994
8	74843092
8	76609556
8	77897616
8	78610545
8	83187199
8	84309918
8	87116733
8	88381996
8	92687690
8	93197911
8	93226392
8	93260471
8	93312921
8	93313006
8	93412459
8	95794958
8	99616686
8	103137413
8	105959650
8	107346854
8	107346857
8	108104629
8	108766346
8	112172134
8	113129570
8	113661796
8	113794411
8	114721250
8	117084593
8	122542361
8	125121277
8	127305179
8	127355150
8	130889763
8	130889769
8	136298292
8	137016416
8	138267523
8	140233900
9	1279806
9	1580978
9	2086706
9	2357847
9	9188801
9	9564343
9	9688640
9	11164234
9	14071839
9	14247570
9	14247589
9	16338263
9	16745365
9	16934391
9	17928612
9	18962685
9	22835030
9	22835341
9	28974485
9	34887360
9	38086405
9	38115589
9	71790946
9	75376727
9	82571448
9	83453623
9	84465360
9	88194061
9	88793973
9	88965449
9	90812021
9	92053734
9	92223451
9	92223870
9	92224038
9	93435623
9	94714729
9	96044455
9	97702107
9	102811909
9	105096749
9	114851333
9	115965254
9	115965280
9	116852426
9	119003314
9	120533219
9	120583775
9	121153507
9	121198291
9	121494203
9	121554762
9	122390419
9	125137441
9	125538769
9	136420032
9	136420142
9	136420144
9	138668383
10	2196355
10	3896532
10	5395678
10	5395870
10	7844396
10	8359401
10	10846449
10	13037070
10	20316393
10	20390506
10	22085268
10	23406060
10	24483532
10	25681582
10	25681589
10	25709383
10	32154281
10	32665093
10	35153370
10	49780343
10	54666674
10	55105066
10	55735545
10	55926299
10	56385595
10	57630904
10	59173027
10	61321213
10	65098769
10	68161267
10	70958986
10	72607635
10	73469738
10	76063391
10	93296646
10	93296651
10	103640979
10	108282604
10	108730309
10	109977451
10	110849369
10	117297286
10	117602531
10	120175810
10	120315437
10	121679557
10	124842313
10	126084695
10	126084696
10	127854588
10	128385035
10	128751067
10	130339187
10	130493615
11	11146955
11	14464088
11	15112852
11	16207551
11	22819689
11	24433702
11	25073945
11	25887603
11	26050652
11	26287692
11	29838239
11	37134755
11	39469220
11	40808201
11	41059641
11	41181760
11	41793099
11	49513235
11	55860983
11	75729199
11	85308859
11	97356491
11	97625487
11	105061987
11	112801946
11	126011239
11	126426838
11	131102658
12	16186054
12	36829768
12	39410585
12	61012863
12	71703612
12	72030607
12	82908973
12	87206981
12	89486867
12	116373029
12	118025784
12	125365690
13	23774199
13	27402765
13	52491784
13	52835737
13	64267422
13	76657039
13	80861804
13	83029143
13	91215770
13	95542811
13	106449035
13	112554941
14	22826106
14	27096163
14	27191531
14	31829538
14	31829600
14	37330424
14	46208658
14	50883826
14	53676075
14	53676080
14	53676083
14	53676084
14	61642763
14	73842832
14	77878937
14	78594825
14	78743667
14	79096328
14	79879723
14	83429171
14	84811815
14	85079712
14	86619157
14	89101860
14	89365515
14	91142339
14	93692325
14	98015683
14	103123461
14	106265548
15	20491653
15	21375576
15	22501682
15	31306620
15	37192072
15	44609344
15	44797996
15	46216486
15	48741257
15	49035853
15	52747800
15	56373225
15	56457066
15	60526468
15	62105079
15	63400763
15	68963458
15	78808197
15	78808298
15	81094193
15	81096419
15	81097011
15	81104118
15	81104155
15	81155393
15	81161992
15	81198178
15	81210970
15	81212672
15	81252049
15	81254106
15	83516565
15	83660262
15	84668452
15	85592923
15	91547015
15	93781559
15	94167708
15	95897855
15	96993499
15	98594043
16	3731953
16	6232898
16	11854196
16	12562193
16	18839584
16	19153010
16	25470846
16	29508587
16	33436415
16	33436584
16	47410854
16	48024500
16	50542638
16	50869011
16	54284506
16	56893909
16	58901210
16	62295420
16	63069806
16	63466895
16	64636780
16	66365979
16	66998248
16	78326034
16	81098005
16	82036042
16	82353495
16	83348507
16	84749747
17	2134207
17	3284782
17	12780218
17	17531053
17	17531054
17	32101174
17	40044597
17	45505305
17	50857604
17	50857800
17	50909641
17	50909712
17	52253638
17	58223901
17	58223924
17	59232233
17	63830617
17	68750810
17	68750829
17	68887438
17	69017414
17	71148456
17	73982947
17	74208590
17	74768479
17	76133321
17	78305944
18	1738550
18	10516887
18	10516970
18	18321044
18	23676401
18	24734370
18	25671470
18	26306335
18	28053228
18	33596557
18	34051148
18	34205558
18	34205594
18	35231939
18	38915609
18	39516704
18	40855965
18	44522629
18	44899489
18	48460152
18	48691092
18	48966048
18	57183533
18	57692731
18	58264415
18	58264417
18	60610791
18	61575582
18	61611041
18	62884100
18	63900795
18	68075888
18	68575790
18	69215916
18	71602895
18	72246575
18	75474706
19	6612912
19	11618328
19	11618349
19	15148870
19	16271935
19	22060067
19	23276409
19	34398114
19	35666156
19	36340355
19	41817115
19	41824720
19	41838139
19	41842826
19	41843986
19	41844610
19	41851282
19	41852369
19	41854697
19	41854761
19	41855383
19	41864188
19	41889013
19	41890279
19	41892559
19	41904269
19	41929921
19	41962366
19	41969453
19	41989797
19	42016628
19	42027081
19	42028560
19	49607791
19	49607817
19	49607841
19	52736898
19	56723706
20	4059190
20	4059334
20	7143809
20	7143951
20	23556196
20	23997163
20	30444855
20	30671247
20	33455796
20	38380919
20	45560736
20	47600974
20	49234727
20	50631290
20	52242789
20	53347398
20	54789955
20	57398100
20	57404124
20	59736464
21	17530468
21	19087225
21	19642594
21	22507285
21	22891472
21	23087208
21	29826685
21	32247555
21	37097463
21	38682867
21	40968828
21	41155405
21	42991682
21	42991683
22	35616673
22	35616713
22	47104096
