1	75656931
1	110384858
1	181241381
2	39410125
2	152607278
2	182401522
3	102937435
3	120382721
4	14836617
4	104844267
5	6519106
5	52673983
5	126413823
5	145087440
6	52228802
6	145850003
6	160254950
8	21612635
8	74842661
9	38086405
9	88965449
9	122390419
10	55926299
10	55926300
10	120315437
11	40808201
11	75729199
11	85308859
11	116769836
14	55833106
14	77878937
15	48741257
15	49035853
15	56457066
15	83516565
15	85592923
15	96993499
16	29508587
16	81098005
17	50857800
17	68887438
17	78305944
18	72246575
19	6612912
20	7143809
20	54789955
21	19087225
22	22592476