1 6 1 RR/RR/RR 0.999999999 0 1 0.05 
2 8 0.5 RR/RD/RR 0.999999999 0 1 0.114 
2 1 0 RR/DD/RR 0.999999999 0 1 0 
2 3 1 RD/RR/RR 1e-09 1 0 0.05 
2 9 0.5 RD/RD/RR 0.999999999 0 1 0.114 
2 9 1 RD/DD/RR 0.999999999 0 1 0.038 
2 3 1 DD/RR/RR 1e-18 1 0 0.05 
2 2 0 DD/RD/RR 0.999999999 0 1 0 
2 2 0 DD/DD/RR 0.999999999 0 1 0 
2 7 0.5 RR/RR/RD 0.999999999 0 1 0.114 
2 9 0.25 RR/RD/RD 0.999999999 0 1 0.038 
2 1 0 RR/DD/RD 0.999999999 0 1 0 
2 9 0.5 RD/RR/RD 0.999999999 0 1 0.114 
2 9 0.25 RD/RD/RD 0.999999999 0 1 0.038 
2 9 0.5 RD/DD/RD 0.999999999 0 1 0.038 
2 1 0 DD/RR/RD 0.999999999 0 1 0 
2 9 0.25 DD/RD/RD 0.999999999 0 1 0.038 
2 7 0.5 DD/DD/RD 0.999999999 0 1 0.038 
2 2 0 RR/RR/DD 0.999999999 0 1 0 
2 2 0 RR/RD/DD 0.999999999 0 1 0 
2 3 1 RR/DD/DD 1e-18 1 0 0.114 
2 9 1 RD/RR/DD 0.999999999 0 1 0.038 
2 9 0.5 RD/RD/DD 0.999999999 0 1 0.038 
2 3 1 RD/DD/DD 1e-09 1 0 0.114 
2 1 0 DD/RR/DD 0.999999999 0 1 0 
2 8 0.5 DD/RD/DD 0.999999999 0 1 0.038 
1 6 1 DD/DD/DD 0.999999999 0 1 0.114 
