1	55299
1	55326
1	55545
1	99103
1	1318116
1	1832588
1	2258774
1	2454148
1	2503178
1	2586476
1	2911594
1	3097636
1	3097638
1	3141880
1	3216645
1	3418618
1	4204778
1	4356396
1	4658346
1	5664501
1	5735521
1	6090847
1	6167752
1	7044126
1	7386567
1	7571326
1	7793103
1	8315920
1	8706162
1	9174404
1	9417171
1	9417176
1	9471261
1	10497520
1	10497532
1	11101922
1	11433183
1	11491824
1	11691958
1	11842572
1	12847546
1	12894160
1	12894249
1	13383701
1	14464592
1	14573962
1	14938157
1	15744511
1	15879264
1	16490552
1	16876888
1	16906795
1	16906802
1	16909406
1	16915513
1	17036309
1	17059929
1	17059970
1	17223463
1	17226070
1	17226071
1	17233415
1	17233432
1	17233439
1	17233457
1	17233477
1	17277865
1	18439777
1	18642071
1	19823497
1	20068233
1	20492303
1	20617834
1	21703940
1	21758729
1	21792172
1	23582053
1	24393878
1	24393881
1	24393885
1	24393889
1	24700743
1	25380844
1	25592761
1	25728693
1	25728697
1	25728701
1	26172309
1	28204862
1	30451602
1	30719657
1	30992534
1	31175747
1	31175750
1	31575862
1	32012026
1	32012027
1	32223390
1	32571308
1	33666714
1	34166973
1	34176373
1	35030660
1	35102885
1	35103251
1	35103930
1	35108276
1	35108374
1	35108890
1	35109720
1	35110289
1	35111147
1	35111167
1	36060978
1	36743657
1	37423120
1	37423151
1	37531347
1	37968166
1	38211772
1	40194769
1	40209687
1	40301513
1	40911611
1	41378487
1	43302622
1	43464760
1	45438291
1	46143289
1	46211923
1	46297450
1	46385462
1	46812741
1	47320815
1	47323288
1	47639700
1	48098215
1	48612836
1	49064170
1	49350155
1	49681414
1	50029183
1	50166008
1	51323820
1	51993004
1	52922135
1	53426146
1	54167688
1	54277244
1	55334382
1	55396923
1	55401884
1	55401902
1	55401905
1	55680271
1	57485302
1	57502444
1	57821592
1	58133714
1	58330355
1	58495747
1	59928572
1	59987532
1	60001441
1	60440641
1	61344056
1	61344057
1	62752489
1	63511655
1	63967312
1	63981511
1	64704760
1	66570404
1	66949762
1	66949796
1	66952628
1	67096530
1	67096534
1	67117229
1	67242258
1	67767993
1	68314966
1	68341161
1	68880500
1	69392350
1	69773492
1	69793794
1	69844353
1	69854940
1	70218521
1	70350230
1	71447063
1	72070398
1	72580181
1	72732447
1	73501167
1	73739562
1	73978670
1	74204766
1	75884343
1	76609109
1	76745675
1	76949618
1	77097000
1	77335828
1	77780095
1	78649783
1	78652587
1	78653585
1	78653816
1	78756027
1	79570525
1	79985406
1	80221844
1	80221885
1	80320155
1	80484600
1	80707593
1	80795084
1	80814184
1	80938947
1	81003903
1	81246984
1	81743841
1	82195688
1	82533047
1	82730995
1	83096524
1	83096528
1	83096532
1	84899442
1	84977361
1	85868938
1	85896653
1	86157231
1	86207828
1	86207844
1	86583237
1	87247158
1	87713290
1	87751582
1	89160788
1	89321954
1	89660991
1	90056768
1	91634678
1	92143398
1	92457575
1	93171647
1	93673898
1	93841307
1	94334909
1	95281045
1	96139734
1	96292516
1	96618755
1	96618766
1	96639161
1	97388338
1	97406527
1	98003205
1	98633638
1	98695583
1	99610538
1	99618341
1	101688634
1	103525000
1	103602849
1	103621935
1	103741404
1	104260037
1	104691711
1	105206166
1	105219463
1	106037967
1	106037977
1	106582900
1	107127883
1	107961953
1	108404040
1	108512009
1	108512010
1	110065292
1	110297824
1	110583335
1	110858094
1	111106570
1	111859300
1	112137212
1	112342853
1	112482310
1	112551861
1	112701862
1	112745835
1	112745836
1	112822213
1	113082302
1	115115969
1	115154438
1	115370362
1	115684749
1	116393087
1	117440012
1	117945526
1	119489626
1	119601291
1	119678338
1	119999054
1	120116433
1	120543674
1	120632131
1	121357910
1	121357942
1	121360067
1	121377822
1	121378543
1	121379944
1	121380303
1	121381120
1	121382050
1	121382220
1	121385227
1	121466336
1	121480815
1	121482059
1	121482116
1	121482133
1	121483239
1	121484952
1	142535833
1	142535859
1	142543517
1	142543532
1	142602294
1	142606125
1	142619993
1	142650134
1	142656186
1	142660187
1	142671801
1	142786486
1	142792871
1	142793922
1	142802525
1	142914914
1	142915558
1	142915577
1	142916226
1	142916271
1	142916297
1	142916338
1	142922733
1	142922765
1	142922796
1	143156471
1	143157339
1	143168699
1	143283225
1	143463047
1	143498032
1	143502373
1	143503727
1	144291333
1	144527299
1	144528636
1	144590968
1	144828465
1	144985408
1	145050461
1	145055084
1	145058405
1	145062648
1	145064524
1	145064528
1	145068562
1	145073635
1	145074159
1	145074264
1	145074292
1	145074975
1	145076739
1	145077963
1	145087714
1	145102695
1	145104804
1	145109342
1	145203773
1	145253101
1	145253775
1	145531471
1	146490240
1	146701935
1	146701938
1	146702146
1	147040262
1	147041359
1	147100022
1	147167622
1	148563988
1	148677473
1	148677475
1	148939806
1	149127359
1	149291454
1	149293011
1	149316419
1	149327494
1	149344490
1	149417753
1	149586288
1	149682604
1	149688867
1	149700753
1	150686886
1	151978568
1	152427723
1	152936459
1	153323142
1	153757563
1	154506378
1	154631624
1	155661874
1	155757553
1	156486746
1	157464634
1	157464642
1	157464649
1	158536154
1	159193843
1	159627509
1	160120796
1	161034579
1	161034581
1	161034666
1	161393769
1	161428673
1	161429453
1	161557528
1	161559256
1	161580358
1	161982378
1	163345135
1	163419370
1	163751018
1	163966932
1	164023556
1	164137717
1	164244139
1	164839503
1	164891658
1	164947296
1	164961611
1	165245895
1	165245897
1	165282729
1	165629891
1	166451778
1	166660977
1	166686116
1	167670488
1	168941794
1	168941822
1	168941826
1	168949459
1	169420971
1	170765696
1	170925735
1	172581849
1	172689354
1	172809002
1	172900678
1	173296397
1	173430854
1	173757574
1	174372383
1	175863274
1	176251111
1	176707161
1	177278809
1	177373440
1	177603506
1	177759224
1	178113982
1	178810330
1	178820677
1	179373627
1	180750997
1	180751731
1	180752003
1	180752928
1	180753483
1	181189903
1	181241381
1	181567506
1	182102230
1	182102235
1	182214930
1	182492332
1	182974758
1	184746373
1	184768519
1	184768524
1	184924493
1	184949120
1	185801558
1	187174777
1	187372835
1	187517897
1	187699089
1	187863146
1	189333978
1	189421289
1	189707967
1	189709125
1	189709420
1	189711147
1	189711663
1	189712171
1	189712259
1	189713580
1	189713629
1	189715712
1	189717499
1	189717659
1	189718875
1	189721806
1	189723490
1	189723623
1	189726596
1	189726915
1	189728335
1	189731048
1	189731338
1	189736833
1	189737389
1	189739563
1	189741633
1	189742133
1	189743073
1	189743076
1	189743084
1	189747667
1	189747674
1	189752408
1	189754023
1	189754778
1	189754788
1	189755091
1	189755353
1	189755774
1	189764331
1	189764356
1	189764732
1	189765121
1	189765872
1	189765934
1	189765939
1	189766255
1	189766724
1	189767380
1	189767712
1	189767722
1	189768589
1	189768684
1	189769301
1	189769388
1	189769419
1	189770180
1	189770261
1	189774401
1	189775183
1	189776974
1	189779182
1	189779629
1	189780142
1	189780216
1	189780438
1	189780947
1	189780955
1	189781178
1	189781221
1	189781359
1	189781506
1	189781569
1	189781674
1	189782578
1	189782654
1	189782785
1	189782974
1	189783309
1	189797342
1	189931615
1	190958970
1	191073138
1	191247575
1	191934162
1	192585180
1	192873383
1	193078139
1	193377748
1	195158394
1	195747367
1	196084911
1	196311810
1	197035123
1	197757458
1	197760083
1	197829578
1	198219127
1	198525226
1	198693840
1	199400368
1	200851353
1	200976497
1	201179949
1	201179954
1	201179977
1	201179984
1	201382395
1	201893776
1	201900762
1	202236034
1	202993614
1	204665924
1	205210827
1	207001879
1	207359469
1	207739127
1	207740272
1	208935497
1	209115566
1	209744603
1	210381117
1	211000393
1	211004387
1	211973551
1	212050066
1	212766394
1	212766396
1	212766398
1	213914260
1	215772753
1	216009423
1	216656274
1	216660189
1	216660398
1	217054085
1	217292352
1	217361543
1	217983241
1	218045191
1	218133881
1	218301543
1	218413617
1	218437163
1	219150077
1	219648995
1	219649013
1	219774122
1	221043751
1	221172576
1	221258603
1	221399824
1	221605699
1	221943731
1	222213136
1	222213137
1	222264606
1	223389048
1	223638765
1	223638768
1	223644746
1	223914958
1	224199754
1	224822286
1	224950665
1	225768060
1	226313231
1	228071564
1	228071568
1	228817149
1	228876226
1	229197307
1	230098985
1	230411783
1	231122413
1	231181643
1	232365161
1	232418269
1	232780110
1	233728356
1	234262223
1	234319312
1	234319382
1	234461749
1	234461750
1	234461769
1	234715012
1	234936423
1	235789327
1	235809116
1	236233312
1	236404861
1	236656791
1	237230064
1	237546716
1	237612795
1	238214969
1	238214971
1	238214995
1	238354610
1	238806967
1	239077606
1	239896133
1	239944787
1	240208239
1	240491907
1	240958507
1	240963129
1	241390889
1	242112241
1	242665094
1	242678521
1	242877168
1	242961155
1	242971898
1	244135493
1	244386442
1	244881963
1	244956677
1	245607346
1	245816519
1	246363183
1	246396162
1	246397321
1	246397332
1	246397344
1	246397353
1	246397371
1	246397372
1	246397469
1	246397470
1	246412830
1	246551370
1	246948976
1	247443759
1	247525345
1	247559729
1	247634994
1	248716350
1	248727722
1	248812917
1	248816759
1	248867992
2	167413
2	307098
2	371464
2	445495
2	797205
2	908458
2	908461
2	908899
2	1089666
2	1102272
2	1119999
2	1120003
2	1245245
2	1567405
2	1865482
2	2299469
2	2754435
2	4394131
2	4648620
2	4807261
2	5212584
2	5265095
2	5416068
2	5452236
2	6848297
2	6970357
2	6970358
2	7276268
2	7541534
2	8052301
2	8969349
2	9018700
2	9052501
2	9546208
2	10039053
2	10452353
2	10452358
2	10557121
2	11514356
2	12396256
2	12713683
2	12965441
2	13503016
2	13762264
2	13977553
2	14241852
2	14991842
2	15129417
2	15604842
2	16388891
2	17416851
2	17492036
2	17588791
2	18851785
2	18908400
2	19868519
2	20642311
2	21044056
2	21668368
2	21842855
2	21860011
2	22629418
2	22845479
2	23343585
2	24000238
2	24158269
2	24214302
2	24702699
2	24910970
2	25048172
2	25526465
2	25612724
2	26049123
2	28704402
2	29264576
2	29477173
2	30356899
2	30481916
2	30542438
2	31433324
2	34234124
2	34907837
2	35042098
2	35272291
2	35305749
2	35738363
2	35939582
2	36145064
2	36212127
2	36810473
2	39132363
2	39337689
2	39556621
2	39901294
2	41168580
2	41400498
2	41435368
2	41540642
2	42346839
2	42381763
2	42414817
2	42834240
2	42894712
2	43456934
2	43731888
2	44147215
2	44207723
2	44584029
2	44816782
2	44816842
2	46621953
2	46929051
2	47409363
2	47530266
2	47595552
2	48082001
2	48717378
2	48830650
2	48990555
2	49266272
2	50032891
2	51575804
2	51892120
2	52081983
2	53215814
2	54309008
2	54620628
2	55110012
2	55151692
2	55159098
2	55400179
2	56479697
2	56824739
2	57455535
2	57815978
2	57815991
2	58104847
2	58704050
2	59342441
2	59342451
2	59342456
2	59623686
2	59630895
2	60616249
2	60774644
2	60774645
2	60785846
2	61015665
2	61196771
2	61577001
2	61853690
2	62082468
2	62600702
2	63066636
2	64746581
2	65631349
2	66242769
2	66967971
2	67154396
2	67636941
2	68040576
2	68046891
2	68237638
2	68810969
2	69058989
2	70930453
2	71795695
2	71798073
2	71898699
2	72129100
2	72129104
2	72196128
2	72828290
2	73744391
2	73790873
2	74337037
2	75279884
2	76054455
2	76073236
2	76537848
2	77172899
2	77236074
2	77240303
2	77879164
2	78224704
2	78306278
2	78520578
2	78834494
2	78886192
2	78990848
2	79007743
2	79027960
2	79070536
2	79362582
2	79609147
2	80284300
2	80594238
2	80603160
2	80703034
2	81141405
2	82150976
2	82203993
2	82223415
2	83119267
2	83629663
2	83984499
2	84518787
2	85332841
2	85467080
2	85467081
2	85665848
2	87002448
2	87114429
2	87147317
2	87253138
2	87449036
2	87596917
2	88480098
2	89105316
2	89175528
2	89176787
2	89241956
2	89273717
2	89275247
2	89277798
2	89282413
2	89286084
2	89333467
2	89342648
2	89369179
2	89389843
2	89402510
2	89416472
2	89433508
2	89475018
2	89548963
2	89869398
2	89876441
2	90262898
2	90266970
2	90373016
2	90373521
2	90447264
2	90454076
2	90461358
2	90464434
2	91646207
2	91667923
2	91684904
2	91686778
2	91689539
2	91753790
2	91760117
2	91784465
2	91785014
2	91789466
2	91792935
2	91795675
2	91844524
2	91850241
2	91850297
2	92049990
2	92050004
2	92074804
2	92074812
2	92289718
2	92290713
2	95362535
2	95362555
2	95582395
2	95898569
2	95898571
2	96382426
2	96439892
2	96441663
2	96517893
2	96517905
2	97635945
2	97720600
2	97720626
2	97720641
2	97721833
2	97735581
2	98301404
2	98559489
2	98565526
2	99015588
2	99482935
2	101652340
2	102155721
2	102195408
2	102364169
2	102648886
2	102958537
2	103053293
2	103243613
2	103309514
2	103349230
2	103435229
2	103922996
2	104111335
2	104118041
2	106067906
2	106272619
2	106624732
2	106631911
2	107087572
2	107838083
2	108068968
2	108130514
2	109552739
2	109713778
2	111090583
2	111129136
2	111361823
2	111492921
2	112900356
2	112930203
2	114268873
2	114340935
2	114342664
2	114581723
2	114673814
2	114682772
2	114946344
2	115127243
2	115251548
2	115620487
2	115693741
2	115825507
2	115938589
2	116034324
2	116076909
2	116269303
2	116269305
2	116269306
2	116647973
2	116662309
2	116662540
2	116662619
2	116866668
2	117539617
2	118509706
2	118638236
2	119453187
2	119546190
2	119809873
2	119903379
2	119953074
2	120950682
2	121891126
2	122157055
2	122771571
2	122907506
2	123222837
2	123268398
2	123325960
2	123358272
2	123358276
2	123477669
2	123479004
2	123482301
2	123482467
2	123700890
2	123927785
2	124110164
2	125021954
2	125220449
2	125596628
2	125983854
2	126336514
2	126691025
2	126772632
2	127023251
2	127494994
2	127571243
2	128053558
2	128591905
2	128809732
2	128817693
2	128850178
2	129638539
2	129639519
2	129640320
2	129641434
2	129641952
2	129644831
2	129645484
2	130048407
2	130243664
2	130248061
2	130816829
2	131391788
2	131391797
2	131662808
2	131680711
2	132296996
2	132297129
2	132297823
2	132298468
2	132299364
2	132299521
2	132299703
2	132499260
2	132499636
2	132499938
2	132548812
2	132548829
2	132777475
2	132980917
2	133179966
2	133238093
2	133284127
2	133630489
2	133810540
2	133848363
2	134446760
2	134489447
2	135138940
2	135932998
2	136745434
2	137536908
2	137634843
2	137646514
2	138125026
2	138151256
2	138384046
2	139603084
2	140541039
2	140731790
2	140879255
2	140961508
2	141081013
2	141081129
2	141081162
2	141081300
2	141082198
2	141082234
2	141156102
2	141156106
2	141243956
2	141559491
2	142011946
2	142877685
2	143510770
2	144395796
2	144985024
2	145181613
2	145419647
2	145419648
2	145777875
2	145777879
2	146283202
2	148107974
2	149046035
2	149102967
2	149672827
2	149929035
2	151032733
2	151034884
2	151553507
2	151592243
2	152892083
2	152899032
2	153381712
2	154466818
2	154521841
2	154830161
2	154830665
2	154922464
2	155430710
2	155819635
2	155820091
2	155820549
2	155821026
2	155821661
2	155822125
2	155824396
2	155824412
2	155824701
2	155824894
2	155824942
2	155825825
2	155826235
2	156697590
2	156767752
2	157263854
2	158130311
2	158423181
2	159049948
2	159196388
2	159566385
2	160781238
2	160992135
2	161456964
2	162447745
2	162674466
2	162674470
2	162674471
2	162783208
2	162783218
2	163059873
2	163691009
2	163699537
2	163811179
2	164915984
2	167749337
2	168299215
2	168975131
2	171254733
2	171504575
2	171739345
2	171872359
2	172365542
2	172861172
2	174470747
2	174526316
2	174602899
2	175307475
2	176448190
2	176692297
2	176810237
2	177993023
2	179111740
2	180261827
2	181075660
2	181918084
2	181981348
2	182668891
2	182693277
2	183076929
2	183661822
2	183874196
2	183874199
2	184035995
2	184036004
2	184363291
2	185054780
2	185054781
2	185338618
2	186675281
2	186675284
2	186791127
2	186845730
2	187317308
2	187317555
2	187490389
2	187550774
2	187860249
2	188011122
2	188448673
2	188536076
2	188561156
2	188699910
2	188996350
2	189152010
2	189163872
2	189488027
2	190903697
2	190963757
2	191124093
2	192400716
2	192435021
2	192635667
2	193881167
2	194487709
2	195680747
2	195803972
2	197724623
2	197886317
2	197991526
2	198123019
2	198560352
2	198596613
2	199424559
2	199564448
2	199585557
2	200139859
2	200617448
2	201494142
2	201928729
2	202379994
2	202676914
2	202914179
2	203479779
2	205189694
2	205582231
2	206261590
2	206584984
2	206627009
2	207580122
2	207808459
2	208352023
2	208353063
2	208353410
2	208354636
2	208355330
2	208355790
2	208356209
2	208356314
2	208356381
2	208356827
2	208356992
2	208944492
2	209701041
2	209946967
2	209947000
2	209947411
2	209947596
2	210014349
2	210954404
2	211143347
2	212072547
2	212108247
2	212845714
2	212953674
2	214713229
2	214960115
2	215729007
2	215729323
2	215729618
2	216092280
2	216420513
2	216471227
2	216473356
2	216473386
2	216540757
2	217820726
2	218184544
2	220400164
2	221006358
2	221097456
2	221185169
2	221218062
2	221568283
2	223376145
2	224435049
2	224435061
2	224481882
2	224764800
2	224908802
2	225076395
2	225281206
2	225808477
2	226815393
2	227029707
2	227114766
2	227403688
2	227677364
2	227685385
2	228068092
2	228460825
2	228773990
2	229082123
2	229262800
2	229683797
2	229998647
2	230025088
2	230252217
2	231031245
2	231792527
2	231819635
2	232289592
2	232697081
2	232697206
2	232697228
2	232697244
2	232697266
2	232833937
2	233448075
2	233467697
2	233827837
2	234677603
2	234850926
2	235031062
2	236400254
2	236727757
2	237693552
2	237981147
2	238169170
2	238559086
2	238886815
2	239289765
2	239676323
2	239678030
2	240393616
2	240952218
2	241121002
2	241248876
2	241580261
2	241600672
2	241811898
2	241844058
2	242386367
2	242932235
3	188570
3	351682
3	356324
3	649878
3	654330
3	659257
3	659263
3	909600
3	1164039
3	1442803
3	1555854
3	1680340
3	2311581
3	2879151
3	3052898
3	3641653
3	3762444
3	3763219
3	3763297
3	5157729
3	5773022
3	6170704
3	6173078
3	6650936
3	6650960
3	6650969
3	6651929
3	6652304
3	6653189
3	6653715
3	6654288
3	6858376
3	7993561
3	8177454
3	9329832
3	10154194
3	10587214
3	11109097
3	11109116
3	11110788
3	11111406
3	11111652
3	11128303
3	11614807
3	11774474
3	12008636
3	12008638
3	13824226
3	13853666
3	14123418
3	15184881
3	15184886
3	16400554
3	17119707
3	17545962
3	18595512
3	18730552
3	18948130
3	19604516
3	20999399
3	21021048
3	21100023
3	21462971
3	21633476
3	21723798
3	21724787
3	21758113
3	21951530
3	22142393
3	22591240
3	24199934
3	24840079
3	24974351
3	25498206
3	26312484
3	26696536
3	27347118
3	27371535
3	27779600
3	28255475
3	28838896
3	29659476
3	29719592
3	30902509
3	31473485
3	31951662
3	32320705
3	32373530
3	32560906
3	32560921
3	32666748
3	32666749
3	34455479
3	34798475
3	35080219
3	35415649
3	36107041
3	36269927
3	36357035
3	37635386
3	37653288
3	38045851
3	39250777
3	39678100
3	39818334
3	40003958
3	40514430
3	40593391
3	41563970
3	42257518
3	42310435
3	43152872
3	43803255
3	44066101
3	44937260
3	45252256
3	45695423
3	45698460
3	45738758
3	46436025
3	46524250
3	46695648
3	47507195
3	47788976
3	49601311
3	52759294
3	52921854
3	53064698
3	53827598
3	55526255
3	55638683
3	55832909
3	56003424
3	56297402
3	56326884
3	56404623
3	56548730
3	56548751
3	56687708
3	56937097
3	57003175
3	57318154
3	57318158
3	57484741
3	59031304
3	59285341
3	59481959
3	59732251
3	61138800
3	61451599
3	61451606
3	61451610
3	61451622
3	61601309
3	62423034
3	63414383
3	63916644
3	64901961
3	64907376
3	65024215
3	65196580
3	65197715
3	65198539
3	65199852
3	65201893
3	65202861
3	65204221
3	65206786
3	65207266
3	65208422
3	65209400
3	65210474
3	65211507
3	65211578
3	65212279
3	65212865
3	65214612
3	65214685
3	65440203
3	66327450
3	67035252
3	68323615
3	68439237
3	69291339
3	69438564
3	69525538
3	69771985
3	69837282
3	70338524
3	70786548
3	70904674
3	71051520
3	71162916
3	71162919
3	71376620
3	71376631
3	71376639
3	71376646
3	71376648
3	71376649
3	71376655
3	71670612
3	73115409
3	73122956
3	74086957
3	75558356
3	75882087
3	76075957
3	76329580
3	76693679
3	76912599
3	76912601
3	76912602
3	76935412
3	76935414
3	77343211
3	77759710
3	77948251
3	77996223
3	78283298
3	78456782
3	78818873
3	79141854
3	79536346
3	79536348
3	79759331
3	79789915
3	79824394
3	79952236
3	80113759
3	80324111
3	80451580
3	80657623
3	80905035
3	81116363
3	81362259
3	81393153
3	81581732
3	82129751
3	82442308
3	82877214
3	82962422
3	83743130
3	84122172
3	84623387
3	84945627
3	85199904
3	85378306
3	85457157
3	85565389
3	85599078
3	85925040
3	85999059
3	86439057
3	86686382
3	87739666
3	87918623
3	88615494
3	89614495
3	93527174
3	94351810
3	94884811
3	94942669
3	95009916
3	95093105
3	95628001
3	96122325
3	96246593
3	96825440
3	97043244
3	97612327
3	98365709
3	98948869
3	99090181
3	99574938
3	100298979
3	101073441
3	101245269
3	101454745
3	102153394
3	102273810
3	103185430
3	103281242
3	103764434
3	103790153
3	103905845
3	104172773
3	105508648
3	107390359
3	108303450
3	108460386
3	109196764
3	109264559
3	109735589
3	109741545
3	110229790
3	110363713
3	110606262
3	111852306
3	112107239
3	112251437
3	112692049
3	112842702
3	112851173
3	113136935
3	114024677
3	114086584
3	114196828
3	114263268
3	115056225
3	115734607
3	116137056
3	116367191
3	116742618
3	116847954
3	116968195
3	118509389
3	118666249
3	118900031
3	119913673
3	120302674
3	120305628
3	120727602
3	120935067
3	121067643
3	121180508
3	121727430
3	121727435
3	122360695
3	122469538
3	122986650
3	123727120
3	123855539
3	124259546
3	124430037
3	125104491
3	125343644
3	125828587
3	126771641
3	128922267
3	129214013
3	129482410
3	131036474
3	131095665
3	131233297
3	131373176
3	131765425
3	131869417
3	132531264
3	133075108
3	133762518
3	133983319
3	134131959
3	135140359
3	135534761
3	135874147
3	136685359
3	137476084
3	139465916
3	139547194
3	139977158
3	140458442
3	140560738
3	140576087
3	141303197
3	141976754
3	142436807
3	142573194
3	142722537
3	143115604
3	144135516
3	144975000
3	144975015
3	145141616
3	145947428
3	146092875
3	146380082
3	146472395
3	146628043
3	146628641
3	146973383
3	146982398
3	147299456
3	147342346
3	147412403
3	148111015
3	148536580
3	148645784
3	148714870
3	148848925
3	149886440
3	149962252
3	150205970
3	150209451
3	152412030
3	152645704
3	152881448
3	152982276
3	156158893
3	156260834
3	157946878
3	157947188
3	159422701
3	159690452
3	159894245
3	162206520
3	162243510
3	162318998
3	162449550
3	162449679
3	163612409
3	163674491
3	163860756
3	163899393
3	165170328
3	165464918
3	165739846
3	165760244
3	165835827
3	166195673
3	166252883
3	166349772
3	166359848
3	166762576
3	167130748
3	167239797
3	167734214
3	168295694
3	169096371
3	169269904
3	170945927
3	171173281
3	171188847
3	172362009
3	172362011
3	172410326
3	173325633
3	173576018
3	174012276
3	174944944
3	175291087
3	175518489
3	175804543
3	176052702
3	177294781
3	177295093
3	177295215
3	177295520
3	177295608
3	177295897
3	177296263
3	177296267
3	177296448
3	177297074
3	177297173
3	177297186
3	177595381
3	178845116
3	178888529
3	178888531
3	178925524
3	179146915
3	179423897
3	181146007
3	181976820
3	182030303
3	182354989
3	182992763
3	183882962
3	183992514
3	184415282
3	184843205
3	185572867
3	187345967
3	187462915
3	187463090
3	187513176
3	187581533
3	187926836
3	188377619
3	189089292
3	189893709
3	189981901
3	189981902
3	189981906
3	190108939
3	190252326
3	190507598
3	190966113
3	191253293
3	191292323
3	192473854
3	192766756
3	192869955
3	193393114
3	193985053
3	194235817
3	194398755
3	194517973
3	195010824
3	195362937
3	195397965
3	195418050
3	195453243
3	195493768
3	195544388
3	195587419
3	195675063
3	196395257
3	196934710
3	196934912
3	196936329
3	196938719
3	197117528
3	197374690
3	197378680
3	197389840
3	197889367
4	28967
4	55058
4	67101
4	491997
4	632049
4	1072953
4	1089903
4	1927115
4	2338544
4	3620475
4	3816757
4	3817073
4	3817081
4	3827562
4	3982772
4	4217451
4	4236643
4	4296604
4	5251168
4	5311651
4	5370101
4	5463030
4	6151906
4	7614643
4	7614653
4	7881444
4	8366915
4	9240402
4	9249576
4	9404999
4	9550334
4	9725494
4	9876906
4	9876908
4	10392815
4	10393632
4	10396125
4	10396552
4	10399173
4	10400224
4	10485227
4	11302233
4	11476633
4	11594744
4	11631653
4	11849754
4	12081585
4	12097191
4	12321638
4	12422557
4	12622838
4	12993247
4	13540052
4	13552652
4	13575066
4	13575110
4	13575114
4	14486514
4	14486620
4	14570621
4	14595181
4	14735030
4	15227519
4	16092574
4	16473512
4	16483378
4	16812344
4	17449796
4	17465760
4	19238601
4	20065690
4	20135980
4	20179096
4	20545987
4	20670722
4	21108792
4	21108793
4	21108796
4	21149584
4	21384945
4	22088788
4	22149147
4	22183163
4	22230532
4	22397297
4	22536148
4	22962843
4	23016231
4	23016233
4	23027425
4	23193714
4	23193715
4	23422915
4	23994931
4	24416294
4	24843106
4	24973948
4	25024696
4	25529974
4	26030268
4	26169276
4	26843961
4	27774779
4	27774780
4	27801261
4	28194773
4	28210229
4	28649116
4	29741372
4	29767323
4	30214742
4	30430032
4	31095308
4	31215306
4	31405090
4	31653415
4	32224685
4	32372868
4	32432006
4	32635230
4	32644428
4	32777972
4	32827667
4	33195227
4	33266832
4	34004429
4	34220105
4	34417711
4	34486150
4	34597595
4	34912920
4	34954465
4	35171788
4	36428812
4	36785976
4	36785977
4	36785981
4	37194548
4	37338427
4	37525941
4	37525943
4	37606492
4	38192902
4	38860512
4	39438795
4	39995014
4	40425679
4	40425729
4	40583470
4	41629173
4	42042832
4	42369985
4	43713600
4	44535557
4	44943107
4	45723689
4	45994476
4	46784437
4	46797244
4	46823248
4	46901305
4	47018652
4	47817473
4	48050666
4	48082678
4	48408540
4	48510745
4	48730350
4	49095202
4	49099702
4	49103344
4	49104828
4	49108698
4	49112899
4	49115548
4	49119732
4	49122631
4	49138114
4	49138124
4	49138141
4	49144161
4	49145088
4	49146231
4	49146503
4	49149014
4	49150497
4	49150499
4	49150502
4	49150506
4	49154635
4	49156947
4	49156968
4	49186855
4	49211432
4	49222290
4	49222458
4	49224672
4	49245233
4	49255806
4	49265961
4	49267158
4	49270151
4	49298010
4	49298267
4	49309372
4	49314163
4	49517544
4	49536391
4	49536392
4	49555140
4	49559017
4	49617487
4	49623658
4	49623675
4	49624197
4	49641574
4	52762066
4	53029909
4	53697339
4	55075788
4	57912927
4	58303358
4	59020450
4	59098098
4	59143614
4	59857634
4	60439515
4	60646888
4	60943683
4	61161239
4	61161241
4	61330246
4	61330394
4	61330789
4	61331058
4	61331071
4	61331475
4	61331589
4	61331785
4	61331802
4	61331908
4	61332016
4	61332275
4	61332282
4	61332801
4	61332803
4	61333174
4	61354502
4	61487131
4	61534157
4	61942027
4	61963047
4	62565622
4	62575067
4	63336368
4	63394417
4	63878006
4	64133458
4	64133481
4	64165079
4	64546103
4	64880514
4	65021016
4	65714846
4	65734104
4	65766198
4	65957851
4	66144329
4	66272223
4	66315271
4	66322441
4	66322443
4	66364042
4	66512502
4	66984848
4	67047969
4	67167337
4	68282920
4	68443368
4	68483772
4	68621946
4	69146467
4	69582992
4	69777305
4	70126941
4	70160794
4	70162576
4	70162989
4	70164098
4	70179971
4	70211181
4	70215511
4	70217014
4	70224966
4	70227362
4	70227627
4	70230728
4	70526436
4	71254241
4	72728602
4	72835322
4	72904617
4	73316666
4	73331399
4	73373663
4	73384499
4	73384505
4	75101581
4	75995419
4	76625673
4	77197391
4	77586763
4	77602778
4	79646538
4	79646540
4	80905940
4	82415091
4	82856709
4	83857109
4	84437554
4	84650549
4	86026806
4	86287084
4	87068322
4	87978362
4	88535868
4	88535869
4	89006245
4	89313779
4	89814797
4	91788652
4	92021532
4	92108705
4	92123916
4	92397506
4	92499376
4	92923865
4	93397192
4	95484183
4	95631893
4	96128070
4	96245240
4	96711696
4	97036324
4	97376692
4	97606016
4	98482020
4	99794530
4	99824801
4	101193760
4	101472611
4	102583057
4	104359950
4	104498519
4	104624818
4	105221576
4	107190005
4	107454859
4	108875985
4	109164172
4	109925568
4	111002970
4	111005115
4	111025187
4	111155048
4	111224477
4	112037485
4	112893337
4	113450351
4	114710458
4	115066336
4	115663956
4	115788819
4	115902388
4	116168158
4	116168237
4	116169689
4	116171292
4	116171385
4	116171518
4	116172176
4	116172191
4	116172611
4	116172805
4	116172814
4	116173041
4	116173094
4	116173453
4	116173483
4	116173744
4	116173928
4	116174048
4	116174167
4	116174315
4	116174389
4	116174483
4	116174919
4	116175124
4	116175729
4	116176173
4	116176281
4	116176537
4	116176688
4	116448478
4	116653185
4	116679832
4	117367989
4	117391565
4	117430717
4	117433351
4	117536587
4	117536590
4	117571645
4	117683152
4	117700293
4	117991028
4	118211607
4	119038009
4	119038029
4	119259448
4	119514179
4	119638336
4	119985659
4	120587741
4	120869885
4	121087094
4	121087097
4	121512006
4	122504447
4	123637800
4	124100496
4	124977693
4	125487068
4	125680040
4	125771903
4	125790460
4	126192276
4	126313125
4	126410211
4	126599778
4	126636170
4	127443893
4	127627154
4	127937750
4	128105625
4	128678848
4	131029764
4	131203439
4	131320282
4	131429072
4	131585085
4	131960698
4	132271865
4	132531284
4	132609537
4	132773473
4	132774254
4	132809221
4	132871913
4	132939448
4	133117855
4	133354133
4	133685611
4	133746681
4	133776750
4	134221911
4	134443781
4	134749987
4	134749989
4	134884614
4	135088070
4	135698817
4	135718904
4	136042901
4	136042903
4	136109709
4	136542920
4	137049405
4	138989246
4	139412037
4	139896118
4	140674997
4	140755571
4	141976442
4	142501235
4	142620919
4	142686945
4	142858953
4	142858955
4	142993709
4	143177133
4	143196016
4	143200706
4	143824993
4	144795273
4	144795277
4	144801247
4	144925670
4	144926122
4	144926699
4	144926706
4	145004289
4	145057800
4	145079709
4	145646813
4	146129061
4	147153577
4	147395797
4	148418327
4	149168453
4	149245519
4	149938190
4	150000778
4	150296868
4	150340384
4	150592106
4	151111387
4	151111389
4	151111395
4	151111408
4	151696645
4	152073670
4	153649556
4	153649587
4	153649603
4	153743469
4	154906548
4	155795244
4	156682133
4	157003705
4	157300442
4	157301515
4	157467967
4	157547384
4	157756814
4	158134006
4	158315483
4	158374712
4	158552605
4	158586491
4	158610679
4	159641853
4	159759400
4	159972760
4	159981543
4	160310363
4	161047853
4	161058055
4	161058184
4	161059092
4	161059579
4	161059762
4	161059925
4	161061075
4	161063413
4	161063535
4	161064210
4	161064307
4	161064449
4	161065590
4	161066117
4	161066172
4	161066459
4	161066802
4	161067115
4	161067895
4	161068003
4	161068421
4	161069659
4	161070071
4	161071008
4	161071084
4	161071943
4	161072119
4	161073003
4	161073607
4	161073754
4	161073759
4	161073777
4	161074159
4	161074162
4	161211458
4	161619604
4	161821581
4	161879319
4	161880918
4	161881000
4	161881819
4	161882662
4	161882937
4	161883127
4	161883626
4	161884036
4	162025671
4	162088878
4	162126036
4	162176825
4	162263737
4	162263742
4	162263747
4	162331911
4	162781470
4	162976692
4	163373886
4	163387931
4	163840771
4	164341145
4	165291001
4	165704682
4	165891270
4	165891273
4	165915531
4	167015083
4	167469524
4	167485294
4	167820452
4	167901629
4	168102525
4	169380969
4	170054558
4	170151114
4	170878879
4	171595237
4	171695958
4	172059941
4	172297860
4	172427607
4	172443695
4	173272346
4	173574343
4	173943233
4	174053072
4	174235079
4	175286391
4	175286394
4	176373069
4	176720817
4	177080464
4	177218491
4	177406718
4	177493473
4	177952890
4	179094768
4	179247110
4	179670610
4	179939080
4	180053532
4	180248347
4	180351584
4	180399207
4	180702531
4	180704876
4	180784476
4	180827819
4	181316967
4	181623229
4	181994454
4	182108407
4	182290504
4	182417079
4	182524764
4	182669844
4	183003532
4	183144954
4	183865216
4	184054292
4	184320342
4	184424420
4	184541707
4	185186532
4	185347136
4	185473465
4	185503894
4	185835314
4	186482782
4	186482793
4	186920869
4	186966001
4	187721218
4	187958486
4	188105992
4	188353664
4	188687584
4	188812436
4	188835477
4	188845917
4	189132803
4	189453098
4	189792224
4	190026865
4	190156545
4	190218969
4	190540811
4	190540890
4	190581064
4	190608030
4	190608220
4	190610012
4	190650768
4	190685821
4	190712048
4	190787816
4	190891380
4	190899480
4	190899675
4	190915521
4	190915541
4	191038039
5	238562
5	537131
5	649438
5	830880
5	1048717
5	1048719
5	1130665
5	1138460
5	2490902
5	2585426
5	2585434
5	3082475
5	3270657
5	3276343
5	3278092
5	3514778
5	4491673
5	4609295
5	6291715
5	6310333
5	6322598
5	6322610
5	6466106
5	6900627
5	6922298
5	7708007
5	8023410
5	8675869
5	9083698
5	9168726
5	9474023
5	9554981
5	9863837
5	10758496
5	10758523
5	10758529
5	11207011
5	11585594
5	12057082
5	12057139
5	12181759
5	12382080
5	12456404
5	12868082
5	13316630
5	14193600
5	14198520
5	14528103
5	15005339
5	15170566
5	15801769
5	15801777
5	16125321
5	17075496
5	17420236
5	17883980
5	17883988
5	18072317
5	18112528
5	18861095
5	19116904
5	19252940
5	19278924
5	19375622
5	19376073
5	19376213
5	19376250
5	19376409
5	19427193
5	19618486
5	19662958
5	19699747
5	20215582
5	20816942
5	20816968
5	20841400
5	20922880
5	21103716
5	21133993
5	21483703
5	21513018
5	21520975
5	21920357
5	22000123
5	22158056
5	22280960
5	22316794
5	22505047
5	22840532
5	23375904
5	23949502
5	24127481
5	24643807
5	24680599
5	24919297
5	24951860
5	25239043
5	25384027
5	25522321
5	25673244
5	26063534
5	26523443
5	26770748
5	26797781
5	26801679
5	26896594
5	27089863
5	27158115
5	27252731
5	27289044
5	27569243
5	27843485
5	27924750
5	28073346
5	28240212
5	28282888
5	28501195
5	29051211
5	29202363
5	29202364
5	29239553
5	29338974
5	29823098
5	29962261
5	30363333
5	30597964
5	30873826
5	30923516
5	31621880
5	31847561
5	32884891
5	34253339
5	35209547
5	35209549
5	36069014
5	36391443
5	36623137
5	37497529
5	38452229
5	38470413
5	38473062
5	38968600
5	38990647
5	39216127
5	40332634
5	40352382
5	40586301
5	40894483
5	41136287
5	41136288
5	41484371
5	42576234
5	43291615
5	44125616
5	44582286
5	44766739
5	45056865
5	45536582
5	46048412
5	49411967
5	49440195
5	49918486
5	50223130
5	50454505
5	51648761
5	52128621
5	52638226
5	53623835
5	53702988
5	54152411
5	54414127
5	56593396
5	56788487
5	57452676
5	57639623
5	59970690
5	61019124
5	61531117
5	62012717
5	62140913
5	62407626
5	62429962
5	62472578
5	62663654
5	62807011
5	62840409
5	63119820
5	64122070
5	64257230
5	66047120
5	66047121
5	66070859
5	66892750
5	66992762
5	67038019
5	67038045
5	67189728
5	67303749
5	67303772
5	67303773
5	67394217
5	68474718
5	68474719
5	68474720
5	68474721
5	69843386
5	69860836
5	69860854
5	70268702
5	70303157
5	70331891
5	70346561
5	70350152
5	70403689
5	70986985
5	71763803
5	71876260
5	72069038
5	72631286
5	72741018
5	72911803
5	73686265
5	73779946
5	74781162
5	74866867
5	75814453
5	75919793
5	75919863
5	76278643
5	77532180
5	77584152
5	77756647
5	78433225
5	78671746
5	79275604
5	79397156
5	81479225
5	81806769
5	82096135
5	82452408
5	83370064
5	83570560
5	83587949
5	83594240
5	84173681
5	84297819
5	84866649
5	84937208
5	87584073
5	87675491
5	87810368
5	88765886
5	89342851
5	89489562
5	89607545
5	89632410
5	89633475
5	89640427
5	91506695
5	91596244
5	91896585
5	93896549
5	95422824
5	95574066
5	95966647
5	96477079
5	97413987
5	97414000
5	98028835
5	98476703
5	98872168
5	98872282
5	99005579
5	99050356
5	99093382
5	99276047
5	100261172
5	100356003
5	100726328
5	101207390
5	101393711
5	102185055
5	103268887
5	103502284
5	103502285
5	103902808
5	104276509
5	104433516
5	104436879
5	104438629
5	104442755
5	104446774
5	104450656
5	104455984
5	104456200
5	104456740
5	104456801
5	104457192
5	104457228
5	104462879
5	104490130
5	104500313
5	104941549
5	105143687
5	105900360
5	105980800
5	106363891
5	106424206
5	106619628
5	106635274
5	107271132
5	107864121
5	108640635
5	108820417
5	109594053
5	110036483
5	111291200
5	111429579
5	112857684
5	114293890
5	114426369
5	114627647
5	114824446
5	114828506
5	115176415
5	115190760
5	115538218
5	116254001
5	116526168
5	116526183
5	116526189
5	117329053
5	117389809
5	117390364
5	117390558
5	117390840
5	117391766
5	117391843
5	117393058
5	117393502
5	117753248
5	117875942
5	118413484
5	119109181
5	119164973
5	119648105
5	119648117
5	120021916
5	120072553
5	120074097
5	120453298
5	121105896
5	121294946
5	122147545
5	122279225
5	123331046
5	123334486
5	123955121
5	123995886
5	124055415
5	124141465
5	124467887
5	125590964
5	126385924
5	126530932
5	126645729
5	126844471
5	126844472
5	127308653
5	128223221
5	128308326
5	128371681
5	128564873
5	131463277
5	131616600
5	131635087
5	132280636
5	132364142
5	133000012
5	133324952
5	133959192
5	134403395
5	135802216
5	136331473
5	137264068
5	137812934
5	137814972
5	137814993
5	137815044
5	138322819
5	138510649
5	138918857
5	139184632
5	139210150
5	140158831
5	140324709
5	140324710
5	140531881
5	140536692
5	140558308
5	140558326
5	140594442
5	141459282
5	142245251
5	144259669
5	144392529
5	144741709
5	145107247
5	147130834
5	147401067
5	147868976
5	148294542
5	148335546
5	149303117
5	150403238
5	150864857
5	151734592
5	151850406
5	151860471
5	152139408
5	152397320
5	152451161
5	152711375
5	153910337
5	153967437
5	154628132
5	154672863
5	154981379
5	155317691
5	155871072
5	156132557
5	156448652
5	156516870
5	156823220
5	157370040
5	157393385
5	157431629
5	157575711
5	158031592
5	159185875
5	159677969
5	161820087
5	161986668
5	162478599
5	163203816
5	163540981
5	163856088
5	164227289
5	164407296
5	164684352
5	164865700
5	165564656
5	165639766
5	165979614
5	166110374
5	166299206
5	166494830
5	166854586
5	166898654
5	166926863
5	167592786
5	167724515
5	167816623
5	168776220
5	168776225
5	169348791
5	169366393
5	169908420
5	170112130
5	170130168
5	170227236
5	170363681
5	170595848
5	170903931
5	171029917
5	171349910
5	171490769
5	171750409
5	172847949
5	173262221
5	173563202
5	173566796
5	173566797
5	173747948
5	174283732
5	174358670
5	174548413
5	174611732
5	175149420
5	175451048
5	175451070
5	175460580
5	175537747
5	176329602
5	177120928
5	177121677
5	177167970
5	177185855
5	177206432
5	178285993
5	179818681
5	180702936
6	270845
6	270846
6	425914
6	857442
6	1143597
6	1975111
6	2061123
6	2066597
6	2694806
6	2733450
6	2836266
6	3454032
6	3563624
6	3946832
6	4169607
6	5040590
6	5224028
6	6101458
6	6140636
6	6307794
6	7074166
6	7144083
6	8359791
6	8370301
6	8595755
6	9200749
6	9955326
6	9966377
6	10015297
6	10197590
6	10325394
6	10563981
6	11051622
6	11051623
6	11202559
6	11932640
6	12821715
6	13409451
6	13410235
6	13531873
6	13883082
6	14030291
6	14394254
6	14907703
6	16099800
6	16099839
6	16104834
6	16373169
6	16902960
6	17436354
6	17587313
6	18405408
6	18552258
6	18899165
6	18990948
6	19225161
6	19942134
6	19944980
6	20328760
6	20609631
6	20973536
6	21597752
6	21873211
6	21938616
6	22481210
6	22830558
6	23467893
6	24056832
6	24742348
6	24770590
6	25233541
6	25454869
6	25459468
6	26391394
6	26622546
6	26739452
6	26739487
6	26739732
6	26740550
6	26741543
6	26741580
6	26742319
6	26743908
6	26745105
6	26747827
6	26747861
6	26748869
6	26752691
6	26752760
6	26753131
6	26753800
6	27115124
6	27294651
6	27578127
6	28074525
6	29238480
6	29398852
6	29530444
6	29631991
6	29645549
6	29830704
6	29844265
6	29844629
6	29845006
6	29845034
6	29845116
6	29845134
6	29845228
6	29846262
6	29846295
6	29846315
6	29846390
6	29846644
6	29846708
6	29846751
6	29846936
6	29846945
6	29847042
6	29847065
6	29847068
6	29847160
6	29847388
6	29847440
6	29847486
6	29847641
6	29847649
6	29847713
6	29848186
6	29848863
6	29848868
6	29848945
6	29849008
6	29850374
6	30125433
6	30352986
6	30357426
6	30412822
6	30412824
6	30412825
6	30764475
6	30815216
6	31109878
6	31232482
6	31235374
6	31273660
6	31277033
6	31277035
6	31277087
6	31277368
6	31277988
6	31286693
6	31286699
6	31286705
6	31286708
6	31292137
6	31292157
6	31292337
6	31292372
6	31292574
6	31292582
6	31293035
6	31293055
6	31293101
6	31293240
6	31293298
6	31293436
6	31293644
6	31295744
6	31296534
6	31296575
6	31297206
6	31299494
6	31315190
6	31389067
6	31415355
6	31415361
6	31415372
6	31453977
6	31549676
6	31777349
6	31973016
6	32227258
6	32416929
6	32434008
6	32440269
6	32448743
6	32448751
6	32448791
6	32452849
6	32453933
6	32493246
6	32498688
6	32502098
6	32502140
6	32503805
6	32503843
6	32504030
6	32504035
6	32504061
6	32504086
6	32504177
6	32504179
6	32504700
6	32504906
6	32504965
6	32505609
6	32505798
6	32505836
6	32507296
6	32507310
6	32507759
6	32507812
6	32508242
6	32508271
6	32512483
6	32512663
6	32512745
6	32516250
6	32516256
6	32516280
6	32519538
6	32519828
6	32519840
6	32520207
6	32520594
6	32521644
6	32521741
6	32523418
6	32523728
6	32523963
6	32523997
6	32524162
6	32524291
6	32524626
6	32525270
6	32527221
6	32527235
6	32527296
6	32527532
6	32527988
6	32528004
6	32528099
6	32528293
6	32528297
6	32528323
6	32528414
6	32528429
6	32528457
6	32528475
6	32528521
6	32528538
6	32528809
6	32528896
6	32528913
6	32529015
6	32529106
6	32529177
6	32529179
6	32529190
6	32529207
6	32529268
6	32529342
6	32529417
6	32529418
6	32529617
6	32529669
6	32529685
6	32529695
6	32529696
6	32529708
6	32529709
6	32530815
6	32530881
6	32532054
6	32532055
6	32532173
6	32532251
6	32532260
6	32532346
6	32532544
6	32532830
6	32532844
6	32533094
6	32533116
6	32533409
6	32533567
6	32533755
6	32533813
6	32534010
6	32534087
6	32534994
6	32535093
6	32535103
6	32535422
6	32535453
6	32535563
6	32536245
6	32536257
6	32536466
6	32536478
6	32536601
6	32536772
6	32537226
6	32537290
6	32538044
6	32539798
6	32539979
6	32540505
6	32540517
6	32540548
6	32540561
6	32540569
6	32541307
6	32541445
6	32542141
6	32542168
6	32542298
6	32542300
6	32543289
6	32544825
6	32544880
6	32544887
6	32544890
6	32545321
6	32547194
6	32547195
6	32547432
6	32547924
6	32550127
6	32550858
6	32550906
6	32550936
6	32551112
6	32552721
6	32553487
6	32553488
6	32554197
6	32555206
6	32556821
6	32560067
6	32560266
6	32565662
6	32566879
6	32568284
6	32568292
6	32568299
6	32568316
6	32568346
6	32574739
6	32576962
6	32576963
6	32578285
6	32594775
6	32603416
6	32603563
6	32603660
6	32604396
6	32604410
6	32604898
6	32605767
6	32605982
6	32606243
6	32606479
6	32606793
6	32607019
6	32607303
6	32610769
6	32610887
6	32611099
6	32612604
6	32613417
6	32613487
6	32613537
6	32613573
6	32614361
6	32614864
6	32614872
6	32614943
6	32614963
6	32615109
6	32617107
6	32617248
6	32617429
6	32617502
6	32617512
6	32617543
6	32617809
6	32617889
6	32618025
6	32618060
6	32619654
6	32622149
6	32622359
6	32623367
6	32623443
6	32623786
6	32623887
6	32623919
6	32623928
6	32624407
6	32624465
6	32624653
6	32625192
6	32625283
6	32625368
6	32625409
6	32627039
6	32627082
6	32627527
6	32628045
6	32629240
6	32630176
6	32630178
6	32630201
6	32630225
6	32630232
6	32630242
6	32630928
6	32631113
6	32631149
6	32631295
6	32631430
6	32631495
6	32631777
6	32631783
6	32632080
6	32632106
6	32633231
6	32633351
6	32633394
6	32633897
6	32633898
6	32634104
6	32634154
6	32634402
6	32634405
6	32635361
6	32635365
6	32635366
6	32635379
6	32635394
6	32636040
6	32690075
6	32698366
6	32698369
6	32963620
6	33198463
6	33210847
6	33453145
6	33564477
6	33938403
6	33939156
6	34391941
6	34943934
6	35874414
6	36305622
6	36846452
6	37373633
6	38004410
6	38206251
6	38880177
6	39503722
6	39503724
6	40176802
6	40176857
6	40270409
6	40323753
6	40622764
6	40622781
6	40622782
6	40622809
6	40622833
6	42116609
6	42116640
6	42445898
6	44036601
6	44956253
6	45657392
6	47465073
6	47829636
6	47856901
6	47856910
6	47917324
6	48157891
6	48933070
6	49112328
6	49894563
6	49967042
6	50026189
6	50255238
6	50672745
6	51541744
6	51736175
6	51736219
6	52120843
6	52207713
6	52283342
6	52444771
6	53038652
6	53296712
6	53850826
6	53869599
6	54680410
6	54845888
6	55294227
6	55368523
6	55481795
6	55657307
6	55865301
6	55980652
6	56056610
6	56297672
6	57390107
6	57435521
6	57452545
6	57455850
6	57476131
6	57476754
6	57486637
6	57489293
6	57548924
6	57624343
6	57625512
6	57625593
6	57626102
6	57627505
6	57718409
6	58159500
6	58424577
6	58426992
6	58427407
6	58427743
6	58427945
6	58427946
6	58428588
6	62700609
6	63280720
6	64115124
6	64874849
6	64887857
6	65102107
6	65102110
6	65130144
6	65296306
6	65541420
6	65825851
6	65851550
6	66218440
6	66398980
6	66399186
6	66399845
6	66401674
6	66402190
6	66403726
6	66700811
6	67011900
6	67013842
6	67014229
6	67015433
6	67016857
6	67017696
6	67017722
6	67018244
6	67024880
6	67027529
6	67029711
6	67029892
6	67029941
6	67030100
6	67030427
6	67030438
6	67030635
6	67031835
6	67032364
6	67033086
6	67033311
6	67034423
6	67036040
6	67044997
6	67045260
6	67046761
6	67220707
6	67524058
6	67762144
6	68117789
6	68932478
6	68998976
6	69297473
6	69297474
6	69908168
6	69936701
6	69976066
6	70277574
6	70452034
6	70625469
6	71011553
6	71011554
6	71580931
6	71933481
6	72438815
6	72867676
6	72867703
6	72867826
6	72869626
6	72869717
6	72871251
6	72872029
6	73774255
6	74833184
6	74941800
6	75408635
6	75955689
6	76384121
6	76560624
6	76739999
6	77021380
6	77027095
6	78115492
6	78219820
6	78462747
6	78587209
6	78975484
6	78976991
6	78985226
6	78999779
6	79003522
6	79009946
6	79014029
6	79014976
6	79018980
6	79020991
6	79023119
6	79024064
6	79027421
6	79032588
6	79033007
6	79033691
6	79101737
6	79204960
6	79288659
6	79313635
6	80532572
6	82251660
6	82661583
6	82661587
6	84049700
6	84733586
6	85555247
6	86474270
6	87012239
6	87012287
6	87056615
6	87145628
6	87473814
6	87734511
6	88204138
6	88871879
6	89755694
6	89755695
6	89923634
6	90419915
6	91195411
6	92127774
6	92244342
6	92274723
6	92550845
6	92830300
6	93000014
6	93502950
6	93586397
6	93644589
6	93834312
6	94081317
6	94081320
6	94095351
6	94502995
6	94558204
6	94738465
6	94764424
6	95190655
6	96500359
6	96831754
6	96919378
6	97086843
6	97351732
6	97503974
6	97503981
6	97700286
6	98591836
6	98779838
6	98978375
6	99790317
6	100189958
6	100604184
6	100813576
6	100854806
6	101342024
6	101585487
6	101712412
6	101937255
6	102070368
6	102577643
6	103136774
6	103137437
6	103279554
6	103385656
6	103738026
6	103738749
6	103738898
6	103740921
6	103745566
6	103748665
6	103749446
6	103751589
6	103751644
6	103752623
6	103754182
6	103754201
6	103755052
6	103755589
6	103756262
6	103756423
6	103758776
6	103759805
6	103760457
6	103761139
6	103761461
6	103820554
6	105695143
6	105923290
6	106030156
6	106539569
6	106570469
6	106965216
6	106965220
6	107899294
6	107899296
6	109110274
6	110360531
6	111786946
6	112204156
6	112523639
6	112863154
6	113060981
6	113954087
6	114296280
6	114296285
6	115171234
6	115307745
6	115551696
6	115849129
6	116646280
6	117798628
6	120362004
6	120505166
6	122315280
6	122796831
6	122926260
6	123164301
6	123733587
6	123949409
6	124088176
6	125264225
6	125851294
6	126178586
6	126178587
6	126386010
6	127789632
6	127881978
6	128245254
6	128505804
6	128881322
6	128940510
6	129032393
6	129079824
6	129215088
6	129264416
6	129271751
6	130148427
6	131440531
6	131557305
6	131565153
6	131827636
6	132020035
6	132038090
6	132038097
6	132038100
6	132038105
6	132038116
6	132107339
6	132114703
6	132115058
6	132115478
6	132117660
6	132375483
6	132377795
6	132377908
6	132408902
6	132708163
6	134723990
6	137158514
6	137239381
6	138092589
6	138240406
6	139383271
6	140304140
6	140368719
6	140955338
6	140955342
6	141235044
6	141290182
6	141541085
6	141556905
6	142240386
6	142242440
6	142467383
6	142500361
6	143177922
6	143177923
6	144034527
6	144451643
6	145626397
6	145808310
6	146906637
6	147355543
6	147984946
6	148088658
6	149575281
6	150477188
6	150811699
6	152333187
6	152568990
6	152632922
6	152841992
6	153123880
6	153388185
6	153830100
6	154238279
6	154686544
6	154791320
6	154970147
6	155248662
6	155949103
6	156011106
6	156054643
6	156070077
6	156449853
6	156449858
6	156464963
6	157007122
6	157144839
6	157700702
6	157961912
6	158508358
6	159211716
6	160051371
6	160334960
6	160753363
6	161511829
6	161734338
6	161795712
6	161833003
6	161960588
6	162535731
6	162925510
6	163219221
6	163600757
6	164761150
6	165021711
6	165353031
6	165376460
6	165376470
6	165537778
6	165613827
6	165696101
6	165797852
6	165830505
6	165835878
6	165844091
6	165949090
6	166032945
6	166644770
6	167198069
6	167198197
6	167207552
6	167607697
6	167774454
6	168226290
6	168388659
6	168481045
6	168489565
6	168489566
6	168638484
6	168671030
6	168878381
6	168912492
6	168962590
6	168963072
6	168993053
6	169118786
6	169266975
6	170271804
6	170410501
6	170739345
6	170762082
6	170762093
6	170783960
7	508020
7	508029
7	508036
7	628252
7	660034
7	970419
7	1228460
7	1860980
7	1861695
7	1861952
7	2006210
7	2172813
7	2219616
7	2324029
7	2842034
7	3165938
7	3388118
7	3810224
7	4128561
7	4504926
7	4796001
7	5217955
7	5217956
7	5738047
7	5805598
7	6131624
7	7107794
7	7107806
7	7157449
7	9152829
7	9488498
7	9516970
7	10077845
7	10121720
7	10923777
7	11794676
7	13558973
7	13736726
7	13875191
7	13906797
7	14609009
7	14613403
7	14807255
7	14946070
7	15096027
7	15121680
7	15175603
7	15626453
7	15641565
7	15644967
7	15945257
7	16675020
7	17052063
7	17216946
7	17725971
7	17909514
7	18015033
7	18623201
7	19620870
7	20066517
7	20951803
7	21314484
7	21587823
7	21643117
7	21907738
7	22047553
7	22090438
7	24241530
7	24355512
7	24437811
7	24528674
7	24702386
7	25279716
7	26147859
7	26147864
7	27889377
7	28209992
7	28258261
7	29688702
7	29690059
7	30319247
7	30520568
7	30970534
7	31279308
7	31426414
7	31426436
7	31426438
7	31544310
7	31561234
7	31590873
7	31591760
7	31591871
7	32060543
7	32153937
7	32289774
7	32657385
7	32799210
7	33585788
7	34346635
7	35686595
7	36609716
7	36826639
7	37994368
7	38390270
7	38391317
7	38394434
7	38394831
7	38743849
7	39695147
7	39958024
7	40894075
7	41428855
7	41785221
7	41840433
7	43610690
7	43925112
7	45826481
7	46319102
7	47104619
7	47400823
7	47820986
7	47919307
7	48370119
7	48450717
7	48633457
7	48902822
7	49023478
7	49146817
7	49419223
7	49597318
7	49955073
7	49955074
7	51366868
7	51424527
7	52169310
7	52527722
7	52624641
7	52769094
7	53004908
7	53463195
7	53584605
7	53713749
7	54668973
7	54719898
7	54989847
7	55234355
7	55390468
7	55390884
7	55537487
7	56076873
7	56565705
7	56767617
7	57284963
7	57316803
7	57548094
7	61539873
7	61650106
7	61763612
7	61763618
7	61763620
7	61818673
7	61969680
7	61969976
7	61970010
7	61971095
7	61971790
7	61975920
7	61984027
7	62002323
7	62002326
7	62002329
7	62433727
7	62583269
7	63054782
7	63163290
7	63423510
7	63512754
7	64984157
7	65312300
7	66053440
7	66063822
7	66681456
7	67009097
7	67221721
7	67444860
7	67604990
7	67642159
7	67827501
7	67860321
7	67860914
7	67860948
7	68562923
7	68637126
7	68998010
7	70594556
7	70702518
7	70995745
7	71155019
7	71158818
7	71367248
7	71367253
7	71541594
7	71578041
7	72082414
7	72090035
7	72090039
7	72285669
7	72757706
7	73469287
7	73629427
7	73810172
7	74230332
7	75042445
7	75405159
7	75405160
7	77167982
7	77920492
7	78684288
7	78877237
7	78990856
7	78999374
7	79233028
7	79505075
7	79520704
7	79683571
7	80119056
7	80312024
7	80398269
7	80926112
7	81003859
7	81830238
7	82018475
7	82090360
7	82201999
7	83050730
7	83146278
7	83174802
7	83692598
7	83708920
7	83709128
7	84186789
7	84742719
7	85006566
7	85032854
7	85439126
7	85933192
7	86289481
7	87848859
7	88008322
7	88207826
7	88605579
7	88790857
7	88928466
7	89309254
7	89337902
7	89360253
7	89733936
7	90024831
7	90700006
7	91030638
7	91213136
7	91213137
7	91341675
7	91688133
7	92039414
7	92043857
7	92322120
7	93314772
7	94104077
7	94746519
7	95144628
7	95961792
7	96182018
7	96213975
7	96526766
7	96916753
7	97301472
7	97401674
7	97401875
7	97402024
7	97611393
7	97688362
7	98124095
7	98284923
7	98320453
7	98320541
7	98668389
7	100160121
7	100756573
7	101970689
7	102001075
7	102091227
7	102474538
7	102475759
7	102534451
7	102731935
7	102795755
7	103358797
7	103361130
7	103361131
7	103856002
7	103972668
7	104453449
7	104694949
7	104694957
7	104811303
7	105155240
7	105374071
7	105960477
7	107119465
7	107812766
7	108074367
7	108407320
7	108651453
7	108651554
7	109041302
7	109041339
7	109091205
7	109091206
7	109133734
7	109302618
7	109851896
7	110183807
7	110183925
7	110185482
7	110854696
7	111185534
7	111248232
7	111557033
7	111892715
7	112678817
7	113031183
7	113193026
7	113269627
7	113325414
7	118121162
7	118436495
7	118636498
7	119165257
7	119226796
7	119722162
7	120212866
7	120228458
7	121009025
7	121544605
7	121874912
7	122359072
7	123083250
7	123468489
7	124172664
7	124289980
7	125101295
7	125269998
7	125366890
7	125642084
7	125717456
7	125911195
7	127562886
7	127649106
7	127767724
7	128318066
7	129215283
7	129450394
7	129452825
7	129828460
7	130858731
7	130858732
7	131124546
7	131453663
7	132019507
7	132292879
7	132888072
7	133641751
7	134000404
7	134028975
7	134303266
7	134909952
7	135170116
7	135959778
7	136099688
7	136139492
7	136677069
7	136846053
7	137208180
7	137658433
7	137828564
7	138138523
7	138190270
7	139051237
7	139103875
7	139328074
7	139413269
7	139891099
7	139943700
7	140189566
7	141226738
7	141469565
7	141766939
7	141771933
7	141773204
7	141774452
7	141774604
7	141774891
7	141774941
7	141775167
7	141775168
7	141775583
7	141775612
7	141775669
7	141775725
7	141779434
7	141783002
7	141784326
7	141786899
7	141787865
7	141788280
7	141788289
7	141789368
7	141790202
7	141790680
7	141790719
7	143312856
7	143542128
7	143841218
7	143904241
7	143971545
7	143973425
7	143989848
7	143993645
7	143994334
7	143999817
7	144390076
7	145708107
7	146337379
7	146553385
7	147086546
7	147488547
7	147566896
7	147990166
7	148375045
7	148821621
7	150742135
7	151049003
7	151932036
7	151932317
7	151932355
7	151941806
7	151956566
7	151966507
7	151968185
7	152083403
7	152112235
7	152112247
7	152226104
7	153246774
7	153289898
7	153592811
7	153603279
7	153669487
7	153734888
7	153887653
7	153966068
7	153995366
7	154196193
7	154827717
7	154944743
7	155127300
7	155128229
7	155153990
7	155275241
7	155297423
7	155707000
7	155758642
7	156717866
7	157569259
7	157629754
7	157923851
7	157943824
7	158234464
7	158234484
7	158316085
7	158387936
7	158510169
7	158882847
8	228081
8	295147
8	822330
